GoodsAcquiredTriggerOffset=1809
06F1: 00 00 00 01 00 00 00 00 A5 C1 FF FF 0A 00 00 00 ................
0701: AF 1E FF FF 30 98 EA 19 0B 00 00 00 14 00 00 00 ....0...........
0711: 47 6F 6F 64 73 41 63 71 75 69 72 65 64 54 72 69 GoodsAcquiredTri
0721: 67 67 65 72 09 00 00 00 00 00 00 00 00 00 00 00 gger............
0731: 01 00 00 00 01 00 00 00 00 A5 C1 FF FF 0B 00 00 ................
0741: 00 01 00 00 00 B4 00 00 00 00 00 00 00 0A 00 00 ................
0751: 00 00 00 00 00 00 00 00 00 00 00 00 00 00 00 00 ................
0761: 00 00 00 00 00 00 00 00 00 00 00 00 00 00 00 00 ................
0771: 00 00 00 00 00 00 00 00 00 00 00 00 00 00 00 00 ................
0781: 00 00 00 00 00 00 00 00 00 00 00 00 00 00 00 00 ................
