RecordStart=2574 Id=19 Tag=9 PayloadLen=221
--- int32 index/value ---
  0: 0
  1: 1
  2: 1
  3: -4086528
  4: 5119
  5: 256
  6: 47104
  7: 0
  8: 0
  9: 0
 10: 0
 11: 0
 12: 0
 13: 0
 14: 0
 15: 0
 16: 0
 17: 0
 18: 0
 19: 0
 20: 0
 21: 0
 22: 0
 23: 0
 24: 0
 25: 0
 26: 0
 27: 0
 28: 0
 29: 0
 30: 0
 31: 2560
 32: 0
 33: 0
 34: 0
 35: 0
 36: 0
 37: 0
 38: 0
 39: 0
 40: 0
 41: 0
 42: 0
 43: 0
 44: 0
 45: 0
 46: 0
 47: 0
 48: 0
 49: 0
 50: 0
 51: 0
 52: 768
 53: -14766336
 54: -2183681

--- first 256 payload bytes hex ---
00 00 00 00 01 00 00 00 01 00 00 00 00 A5 C1 FF FF 13 00 00 00 01 00 00 00 B8 00 00 00 00 00 00 00 00 00 00 00 00 00 00 00 00 00 00 00 00 00 00 00 00 00 00 00 00 00 00 00 00 00 00 00 00 00 00 00 00 00 00 00 00 00 00 00 00 00 00 00 00 00 00 00 00 00 00 00 00 00 00 00 00 00 00 00 00 00 00 00 00 00 00 00 00 00 00 00 00 00 00 00 00 00 00 00 00 00 00 00 00 00 00 00 00 00 00 00 0A 00 00 00 00 00 00 00 00 00 00 00 00 00 00 00 00 00 00 00 00 00 00 00 00 00 00 00 00 00 00 00 00 00 00 00 00 00 00 00 00 00 00 00 00 00 00 00 00 00 00 00 00 00 00 00 00 00 00 00 00 00 00 00 00 00 00 00 00 00 00 00 00 00 00 00 00 00 00 00 00 00 00 00 03 00 00 00 AF 1E FF FF AD DE FF FF
