[HonourAcquiredTrigger] start=1853 metaEnd=1890 payloadLen=41
00 00 00 00 01 00 00 00 01 00 00 00 00 A5 C1 FF FF 0B 00 00 00 00 00 00 00 04 00 00 00 64 00 00 00 AF 1E FF FF C0 FD E8 3F

[NoFoodInGranaryTrigger] start=2002 metaEnd=2040 payloadLen=45
00 00 00 00 01 00 00 00 01 00 00 00 00 A5 C1 FF FF 0D 00 00 00 00 00 00 00 08 00 00 00 00 00 00 00 00 00 00 00 AF 1E FF FF 90 FD E8 3F

[GoldAcquiredTrigger] start=2780 metaEnd=2815 payloadLen=274
00 00 00 00 01 00 00 00 01 00 00 00 00 A5 C1 FF FF 13 00 00 00 00 00 00 00 04 00 00 00 D2 00 00 00 AF 1E FF FF 40 5F E9 3F 0B 00 00 00 09 00 00 00 00 00 00 00 00 00 00 00 01 00 00 00 01 00 00 00 00 A5 C1 FF FF 0B 00 00 00 00 00 00 00 04 00 00 00 1E 00 00 00 AF 1E FF FF 20 97 F9 3F 0D 00

[GoodsAcquiredTrigger] start=2527 metaEnd=2563 payloadLen=217
00 00 00 00 01 00 00 00 01 00 00 00 00 A5 C1 FF FF 12 00 00 00 01 00 00 00 B4 00 00 00 00 00 00 00 00 00 00 00 00 00 00 00 00 00 00 00 0A 00 00 00 00 00 00 00 00 00 00 00 00 00 00 00 00 00 00 00 00 00 00 00 00 00 00 00 00 00 00 00 00 00 00 00 00 00 00 00 00 00 00 00 00 00 00 00 00 00 00

