start=1537 id=6 payloadLen=237
payloadHex=00 00 00 00 01 00 00 00 00 A5 C1 FF FF 06 00 00 00 00 00 00 00 CC 00 00 00 02 00 00 00 00 00 00 00 00 00 00 00 02 00 00 00 00 00 00 00 05 00 00 00 00 00 00 00 00 00 00 00 00 00 00 00 00 00 00 00 00 00 00 00 00 00 00 00 05 00 00 00 00 00 00 00 00 00 00 00 00 00 00 00 00 00 00 00 00 00 00 00 00 00 00 00 00 00 00 00 00 00 00 00 00 00 00 00 00 00 00 00 00 00 00 00 00 00 00 00 00 00 00 00 00 00 00 00 00 00 00 00 00 00 00 00 00 00 00 00 00 00 00 00 00 00 00 00 00 00 00 00 00 00 00 00 00 00 00 00 00 00 00 00 00 00 00 00 02 00 00 00 05 00 00 00 00 00 00 00 00 00 00 00 00 00 00 00 00 00 00 00 00 00 00 00 00 00 00 00 00 00 00 00 00 00 00 00 00 00 00 00 00 00 00 00 C8 00 00 00 0A 00 00 00 AF 1E FF FF C0 B2 40 12
nonZeroBytes:
b4=1
b9=165
b10=193
b11=255
b12=255
b13=6
b21=204
b25=2
b37=2
b45=5
b73=5
b173=2
b177=5
b221=200
b225=10
b229=175
b230=30
b231=255
b232=255
b233=192
b234=178
b235=64
b236=18
shift0 index off raw norm (non-zero norm only)
1 4 1 1
2 8 -4086528 -4086528
3 12 1791 6
5 20 52224 204
6 24 512 2
9 36 512 2
11 44 1280 5
18 72 1280 5
43 172 512 2
44 176 1280 5
55 220 51200 200
56 224 2560 10
57 228 -14766336 -14766336
58 232 1085456639 4240064
