start=1537 id=6 payloadLen=196
payloadHex=00 00 00 00 01 00 00 00 00 A5 C1 FF FF 06 00 00 00 00 00 00 00 88 00 00 00 01 00 00 00 FF FF FF FF 16 00 00 00 1E 00 00 00 0A 00 00 00 00 00 00 00 0F 00 00 00 00 00 00 00 00 00 00 00 00 00 00 00 00 00 00 00 02 00 00 00 00 00 00 00 05 00 00 00 00 00 00 00 00 00 00 00 00 00 00 00 00 00 00 00 00 00 00 00 00 00 00 00 00 00 00 00 00 00 00 00 05 00 00 00 00 00 00 00 00 00 00 00 00 00 00 00 00 00 00 00 00 00 00 00 01 00 00 00 00 00 00 00 00 00 00 00 01 00 00 00 00 00 00 00 01 00 00 00 01 00 00 00 13 00 00 00 00 00 00 00 00 00 00 00 18 00 00 00 01 00 00 00 01 00 01 AF 1E FF FF 18 8C C2 11
shift0 index off raw norm
0 0 0 0
1 4 1 1
2 8 -4086528 -4086528
3 12 1791 6
4 16 0 0
5 20 34816 136
6 24 256 1
7 28 -256 -256
8 32 5887 22
9 36 7680 30
10 40 2560 10
11 44 0 0
12 48 3840 15
13 52 0 0
14 56 0 0
15 60 0 0
16 64 0 0
17 68 512 2
18 72 0 0
19 76 1280 5
20 80 0 0
21 84 0 0
22 88 0 0
23 92 0 0
24 96 0 0
25 100 0 0
26 104 0 0
27 108 0 0
28 112 1280 5
29 116 0 0
30 120 0 0
31 124 0 0
32 128 0 0
33 132 0 0
34 136 256 1
35 140 0 0
36 144 0 0
37 148 256 1
38 152 0 0
39 156 256 1
40 160 256 1
41 164 4864 19
42 168 0 0
43 172 0 0
44 176 6144 24
45 180 256 1
46 184 16777472 65537
47 188 -57681 -57681
48 192 297962520 297962520
