start=860 id=4 payloadLen=577
payloadHex=10 00 00 00 03 00 00 00 A8 F0 11 40 08 E0 01 40 F0 17 06 40 01 00 00 00 CC 00 00 00 C8 00 00 00 01 00 03 00 02 04 01 01 01 01 01 01 01 01 01 01 01 01 01 01 01 01 01 01 01 01 01 01 01 01 01 01 01 01 01 01 01 01 01 01 01 01 01 01 01 01 01 01 01 01 01 01 01 01 01 01 01 01 01 01 01 01 01 01 00 01 01 01 01 02 01 01 01 01 01 01 01 01 01 01 01 01 01 01 01 01 01 01 00 01 01 01 01 01 01 01 01 01 01 01 01 01 01 01 01 01 01 01 01 01 01 01 01 01 01 01 01 01 01 01 01 01 01 01 01 01 01 01 01 01 01 01 01 01 01 01 01 01 01 01 01 01 01 01 01 01 01 01 01 01 01 01 01 01 01 01 01 01 01 01 01 01 01 01 01 01 01 01 01 01 01 01 01 01 01 01 01 01 01 01 01 01 01 01 01 01 01 01 01 01 01 01 01 01 01 01 01 01 01 01 02 00 00 00 5E 00 00 00 2D 00 00 00 01 01 00 00 01 01 01 01 02 02 01 01 01 01 01 01 01 01 01 01 00 00 01 01 01 01 01 01 01 01 01 01 01 01 01 01 01 01 01 01 01 01 01 01 01 01 01 01 01 01 01 01 01 01 01 01 01 01 01 01 01 01 01 01 01 01 00 00 01 01 01 01 03 03 04 04 01 01 01 01 01 01 01 01 01 01 01 01 01 01 04 00 00 00 0C 00 00 00 F4 01 00 00 00 00 00 00 50 00 00 00 05 00 00 00 B8 00 00 00 2D 00 00 00 00 00 00 00 48 00 00 00 28 00 00 00 05 00 00 00 0A 00 00 00 00 00 00 00 00 00 00 00 00 00 00 00 00 00 00 00 00 00 00 00 00 00 00 00 00 00 00 00 00 00 00 00 00 00 00 00 00 00 00 00 00 00 00 00 00 00 00 00 00 00 00 00 00 00 00 00 00 00 00 00 00 00 00 00 00 00 00 00 0A 00 00 00 0A 00 00 00 0A 00 00 00 0A 00 00 00 00 00 00 00 00 00 00 00 00 00 00 00 00 00 00 00 00 00 00 00 00 00 00 00 00 00 00 00 00 00 00 00 00 00 00 00 00 00 00 00 00 00 00 00 00 00 00 00 00 00 00 00 00 00 00 00 00 00 00 00 00 00 00 00 00 00 00 00 00 00 00 00 00 00 00 00 06 00 00 00 0F 00 00 00 00 00 00 00 00 00 00 00 00 00 00 00 00 00 00 AF 1E FF FF A8 F0 11 40
nonZeroBytes:
b0=16
b4=3
b8=168
b9=240
b10=17
b11=64
b12=8
b13=224
b14=1
b15=64
b16=240
b17=23
b18=6
b19=64
b20=1
b24=204
b28=200
b32=1
b34=3
b36=2
b37=4
b38=1
b39=1
b40=1
b41=1
b42=1
b43=1
b44=1
b45=1
b46=1
b47=1
b48=1
b49=1
b50=1
b51=1
b52=1
b53=1
b54=1
b55=1
b56=1
b57=1
b58=1
b59=1
b60=1
b61=1
b62=1
b63=1
b64=1
b65=1
b66=1
b67=1
b68=1
b69=1
b70=1
b71=1
b72=1
b73=1
b74=1
b75=1
b76=1
b77=1
b78=1
b79=1
b80=1
b81=1
b82=1
b83=1
b84=1
b85=1
b86=1
b87=1
b88=1
b89=1
b90=1
b91=1
b92=1
b93=1
b94=1
b95=1
b97=1
b98=1
b99=1
b100=1
b101=2
b102=1
b103=1
b104=1
b105=1
b106=1
b107=1
b108=1
b109=1
b110=1
b111=1
b112=1
b113=1
b114=1
b115=1
b116=1
b117=1
b118=1
b119=1
b121=1
b122=1
b123=1
b124=1
b125=1
b126=1
b127=1
b128=1
b129=1
b130=1
b131=1
b132=1
b133=1
b134=1
b135=1
b136=1
b137=1
b138=1
b139=1
b140=1
b141=1
b142=1
b143=1
b144=1
b145=1
b146=1
b147=1
b148=1
b149=1
b150=1
b151=1
b152=1
b153=1
b154=1
b155=1
b156=1
b157=1
b158=1
b159=1
b160=1
b161=1
b162=1
b163=1
b164=1
b165=1
b166=1
b167=1
b168=1
b169=1
b170=1
b171=1
b172=1
b173=1
b174=1
b175=1
b176=1
b177=1
b178=1
b179=1
b180=1
b181=1
b182=1
b183=1
b184=1
b185=1
b186=1
b187=1
b188=1
b189=1
b190=1
b191=1
b192=1
b193=1
b194=1
b195=1
b196=1
b197=1
b198=1
b199=1
b200=1
b201=1
b202=1
b203=1
b204=1
b205=1
b206=1
b207=1
b208=1
b209=1
b210=1
b211=1
b212=1
b213=1
b214=1
b215=1
b216=1
b217=1
b218=1
b219=1
b220=1
b221=1
b222=1
b223=1
b224=1
b225=1
b226=1
b227=1
b228=1
b229=1
b230=1
b231=1
b232=2
b236=94
b240=45
b244=1
b245=1
b248=1
b249=1
b250=1
b251=1
b252=2
b253=2
b254=1
b255=1
b256=1
b257=1
b258=1
b259=1
b260=1
b261=1
b262=1
b263=1
b266=1
b267=1
b268=1
b269=1
b270=1
b271=1
b272=1
b273=1
b274=1
b275=1
b276=1
b277=1
b278=1
b279=1
b280=1
b281=1
b282=1
b283=1
b284=1
b285=1
b286=1
b287=1
b288=1
b289=1
b290=1
b291=1
b292=1
b293=1
b294=1
b295=1
b296=1
b297=1
b298=1
b299=1
b300=1
b301=1
b302=1
b303=1
b304=1
b305=1
b306=1
b307=1
b308=1
b309=1
b312=1
b313=1
b314=1
b315=1
b316=3
b317=3
b318=4
b319=4
b320=1
b321=1
b322=1
b323=1
b324=1
b325=1
b326=1
b327=1
b328=1
b329=1
b330=1
b331=1
b332=1
b333=1
b334=4
b338=12
b342=244
b343=1
b350=80
b354=5
b358=184
b362=45
b370=72
b374=40
b378=5
b382=10
b454=10
b458=10
b462=10
b466=10
b546=6
b550=15
b569=175
b570=30
b571=255
b572=255
b573=168
b574=240
b575=17
b576=64
shift0 index off raw norm (non-zero norm only)
0 0 16 16
1 4 3 3
2 8 1074917544 1074917544
3 12 1073864712 1073864712
4 16 1074141168 1074141168
5 20 1 1
6 24 204 204
7 28 200 200
8 32 196609 196609
9 36 16843778 16843778
10 40 16843009 16843009
11 44 16843009 16843009
12 48 16843009 16843009
13 52 16843009 16843009
14 56 16843009 16843009
15 60 16843009 16843009
16 64 16843009 16843009
17 68 16843009 16843009
18 72 16843009 16843009
19 76 16843009 16843009
20 80 16843009 16843009
21 84 16843009 16843009
22 88 16843009 16843009
23 92 16843009 16843009
24 96 16843008 65793
25 100 16843265 16843265
26 104 16843009 16843009
27 108 16843009 16843009
28 112 16843009 16843009
29 116 16843009 16843009
30 120 16843008 65793
31 124 16843009 16843009
32 128 16843009 16843009
33 132 16843009 16843009
34 136 16843009 16843009
35 140 16843009 16843009
36 144 16843009 16843009
37 148 16843009 16843009
38 152 16843009 16843009
39 156 16843009 16843009
40 160 16843009 16843009
41 164 16843009 16843009
42 168 16843009 16843009
43 172 16843009 16843009
44 176 16843009 16843009
45 180 16843009 16843009
46 184 16843009 16843009
47 188 16843009 16843009
48 192 16843009 16843009
49 196 16843009 16843009
50 200 16843009 16843009
51 204 16843009 16843009
52 208 16843009 16843009
53 212 16843009 16843009
54 216 16843009 16843009
55 220 16843009 16843009
56 224 16843009 16843009
57 228 16843009 16843009
58 232 2 2
59 236 94 94
60 240 45 45
61 244 257 257
62 248 16843009 16843009
63 252 16843266 16843266
64 256 16843009 16843009
65 260 16843009 16843009
66 264 16842752 65792
67 268 16843009 16843009
68 272 16843009 16843009
69 276 16843009 16843009
70 280 16843009 16843009
71 284 16843009 16843009
72 288 16843009 16843009
73 292 16843009 16843009
74 296 16843009 16843009
75 300 16843009 16843009
76 304 16843009 16843009
77 308 257 257
78 312 16843009 16843009
79 316 67371779 67371779
80 320 16843009 16843009
81 324 16843009 16843009
82 328 16843009 16843009
83 332 262401 262401
84 336 786432 3072
85 340 32768000 128000
87 348 5242880 20480
88 352 327680 1280
89 356 12058624 47104
90 360 2949120 11520
92 368 4718592 18432
93 372 2621440 10240
94 376 327680 1280
95 380 655360 2560
113 452 655360 2560
114 456 655360 2560
115 460 655360 2560
116 464 655360 2560
136 544 393216 1536
137 548 983040 3840
142 568 -14766336 -14766336
143 572 300984575 1175720
