start=864 id=4 payloadLen=573
payloadHex=0C 00 00 00 02 00 00 00 B8 FC 04 40 F8 FA 04 40 01 00 00 00 CC 00 00 00 C8 00 00 00 01 00 03 00 02 04 01 01 01 01 01 01 01 01 01 01 01 01 01 01 01 01 01 01 01 01 01 01 01 01 01 01 01 01 01 01 01 01 01 01 01 01 01 01 01 01 01 01 01 01 01 01 01 01 01 01 01 01 01 01 01 01 01 01 00 01 01 01 01 02 01 01 01 01 01 01 01 01 01 01 01 01 01 01 01 01 01 01 00 01 01 01 01 01 01 01 01 01 01 01 01 01 01 01 01 01 01 01 01 01 01 01 01 01 01 01 01 01 01 01 01 01 01 01 01 01 01 01 01 01 01 01 01 01 01 01 01 01 01 01 01 01 01 01 01 01 01 01 01 01 01 01 01 01 01 01 01 01 01 01 01 01 01 01 01 01 01 01 01 01 01 01 01 01 01 01 01 01 01 01 01 01 01 01 01 01 01 01 01 01 01 01 01 01 01 01 01 01 01 01 02 00 00 00 5E 00 00 00 2D 00 00 00 01 01 00 00 01 01 01 01 02 02 01 01 01 01 01 01 01 01 01 01 00 00 01 01 01 01 01 01 01 01 01 01 01 01 01 01 01 01 01 01 01 01 01 01 01 01 01 01 01 01 01 01 01 01 01 01 01 01 01 01 01 01 01 01 01 01 00 00 01 01 01 01 03 03 04 04 01 01 01 01 01 01 01 01 01 01 01 01 01 01 04 00 00 00 0C 00 00 00 F4 01 00 00 00 00 00 00 50 00 00 00 05 00 00 00 B8 00 00 00 2D 00 00 00 00 00 00 00 48 00 00 00 28 00 00 00 05 00 00 00 0A 00 00 00 00 00 00 00 00 00 00 00 00 00 00 00 00 00 00 00 00 00 00 00 00 00 00 00 00 00 00 00 00 00 00 00 00 00 00 00 00 00 00 00 00 00 00 00 00 00 00 00 00 00 00 00 00 00 00 00 00 00 00 00 00 00 00 00 00 00 00 00 0A 00 00 00 0A 00 00 00 0A 00 00 00 0A 00 00 00 00 00 00 00 00 00 00 00 00 00 00 00 00 00 00 00 00 00 00 00 00 00 00 00 00 00 00 00 00 00 00 00 00 00 00 00 00 00 00 00 00 00 00 00 00 00 00 00 00 00 00 00 00 00 00 00 00 00 00 00 00 00 00 00 00 00 00 00 00 00 00 00 00 00 00 00 06 00 00 00 0F 00 00 00 00 00 00 00 00 00 00 00 00 00 00 00 00 00 00 AF 1E FF FF B8 FC 04 40
nonZeroBytes:
b0=12
b4=2
b8=184
b9=252
b10=4
b11=64
b12=248
b13=250
b14=4
b15=64
b16=1
b20=204
b24=200
b28=1
b30=3
b32=2
b33=4
b34=1
b35=1
b36=1
b37=1
b38=1
b39=1
b40=1
b41=1
b42=1
b43=1
b44=1
b45=1
b46=1
b47=1
b48=1
b49=1
b50=1
b51=1
b52=1
b53=1
b54=1
b55=1
b56=1
b57=1
b58=1
b59=1
b60=1
b61=1
b62=1
b63=1
b64=1
b65=1
b66=1
b67=1
b68=1
b69=1
b70=1
b71=1
b72=1
b73=1
b74=1
b75=1
b76=1
b77=1
b78=1
b79=1
b80=1
b81=1
b82=1
b83=1
b84=1
b85=1
b86=1
b87=1
b88=1
b89=1
b90=1
b91=1
b93=1
b94=1
b95=1
b96=1
b97=2
b98=1
b99=1
b100=1
b101=1
b102=1
b103=1
b104=1
b105=1
b106=1
b107=1
b108=1
b109=1
b110=1
b111=1
b112=1
b113=1
b114=1
b115=1
b117=1
b118=1
b119=1
b120=1
b121=1
b122=1
b123=1
b124=1
b125=1
b126=1
b127=1
b128=1
b129=1
b130=1
b131=1
b132=1
b133=1
b134=1
b135=1
b136=1
b137=1
b138=1
b139=1
b140=1
b141=1
b142=1
b143=1
b144=1
b145=1
b146=1
b147=1
b148=1
b149=1
b150=1
b151=1
b152=1
b153=1
b154=1
b155=1
b156=1
b157=1
b158=1
b159=1
b160=1
b161=1
b162=1
b163=1
b164=1
b165=1
b166=1
b167=1
b168=1
b169=1
b170=1
b171=1
b172=1
b173=1
b174=1
b175=1
b176=1
b177=1
b178=1
b179=1
b180=1
b181=1
b182=1
b183=1
b184=1
b185=1
b186=1
b187=1
b188=1
b189=1
b190=1
b191=1
b192=1
b193=1
b194=1
b195=1
b196=1
b197=1
b198=1
b199=1
b200=1
b201=1
b202=1
b203=1
b204=1
b205=1
b206=1
b207=1
b208=1
b209=1
b210=1
b211=1
b212=1
b213=1
b214=1
b215=1
b216=1
b217=1
b218=1
b219=1
b220=1
b221=1
b222=1
b223=1
b224=1
b225=1
b226=1
b227=1
b228=2
b232=94
b236=45
b240=1
b241=1
b244=1
b245=1
b246=1
b247=1
b248=2
b249=2
b250=1
b251=1
b252=1
b253=1
b254=1
b255=1
b256=1
b257=1
b258=1
b259=1
b262=1
b263=1
b264=1
b265=1
b266=1
b267=1
b268=1
b269=1
b270=1
b271=1
b272=1
b273=1
b274=1
b275=1
b276=1
b277=1
b278=1
b279=1
b280=1
b281=1
b282=1
b283=1
b284=1
b285=1
b286=1
b287=1
b288=1
b289=1
b290=1
b291=1
b292=1
b293=1
b294=1
b295=1
b296=1
b297=1
b298=1
b299=1
b300=1
b301=1
b302=1
b303=1
b304=1
b305=1
b308=1
b309=1
b310=1
b311=1
b312=3
b313=3
b314=4
b315=4
b316=1
b317=1
b318=1
b319=1
b320=1
b321=1
b322=1
b323=1
b324=1
b325=1
b326=1
b327=1
b328=1
b329=1
b330=4
b334=12
b338=244
b339=1
b346=80
b350=5
b354=184
b358=45
b366=72
b370=40
b374=5
b378=10
b450=10
b454=10
b458=10
b462=10
b542=6
b546=15
b565=175
b566=30
b567=255
b568=255
b569=184
b570=252
b571=4
b572=64
shift0 index off raw norm (non-zero norm only)
0 0 12 12
1 4 2 2
2 8 1074068664 1074068664
3 12 1074068216 1074068216
4 16 1 1
5 20 204 204
6 24 200 200
7 28 196609 196609
8 32 16843778 16843778
9 36 16843009 16843009
10 40 16843009 16843009
11 44 16843009 16843009
12 48 16843009 16843009
13 52 16843009 16843009
14 56 16843009 16843009
15 60 16843009 16843009
16 64 16843009 16843009
17 68 16843009 16843009
18 72 16843009 16843009
19 76 16843009 16843009
20 80 16843009 16843009
21 84 16843009 16843009
22 88 16843009 16843009
23 92 16843008 65793
24 96 16843265 16843265
25 100 16843009 16843009
26 104 16843009 16843009
27 108 16843009 16843009
28 112 16843009 16843009
29 116 16843008 65793
30 120 16843009 16843009
31 124 16843009 16843009
32 128 16843009 16843009
33 132 16843009 16843009
34 136 16843009 16843009
35 140 16843009 16843009
36 144 16843009 16843009
37 148 16843009 16843009
38 152 16843009 16843009
39 156 16843009 16843009
40 160 16843009 16843009
41 164 16843009 16843009
42 168 16843009 16843009
43 172 16843009 16843009
44 176 16843009 16843009
45 180 16843009 16843009
46 184 16843009 16843009
47 188 16843009 16843009
48 192 16843009 16843009
49 196 16843009 16843009
50 200 16843009 16843009
51 204 16843009 16843009
52 208 16843009 16843009
53 212 16843009 16843009
54 216 16843009 16843009
55 220 16843009 16843009
56 224 16843009 16843009
57 228 2 2
58 232 94 94
59 236 45 45
60 240 257 257
61 244 16843009 16843009
62 248 16843266 16843266
63 252 16843009 16843009
64 256 16843009 16843009
65 260 16842752 65792
66 264 16843009 16843009
67 268 16843009 16843009
68 272 16843009 16843009
69 276 16843009 16843009
70 280 16843009 16843009
71 284 16843009 16843009
72 288 16843009 16843009
73 292 16843009 16843009
74 296 16843009 16843009
75 300 16843009 16843009
76 304 257 257
77 308 16843009 16843009
78 312 67371779 67371779
79 316 16843009 16843009
80 320 16843009 16843009
81 324 16843009 16843009
82 328 262401 262401
83 332 786432 3072
84 336 32768000 128000
86 344 5242880 20480
87 348 327680 1280
88 352 12058624 47104
89 356 2949120 11520
91 364 4718592 18432
92 368 2621440 10240
93 372 327680 1280
94 376 655360 2560
112 448 655360 2560
113 452 655360 2560
114 456 655360 2560
115 460 655360 2560
135 540 393216 1536
136 544 983040 3840
141 564 -14766336 -14766336
142 568 83671295 326840
