start=864 id=4 payloadLen=1154
payloadHex=0C 00 00 00 02 00 00 00 88 85 0A 40 08 89 0A 40 01 00 00 00 CC 00 00 00 C8 00 00 00 01 01 01 01 01 01 01 01 01 01 01 01 01 01 01 01 01 01 01 01 01 01 01 01 01 01 01 01 01 01 01 01 01 01 01 01 01 01 01 01 01 01 01 01 01 01 01 01 01 01 01 01 01 01 01 01 01 01 01 01 01 01 01 01 01 01 01 01 01 01 01 01 01 01 01 01 01 01 01 01 01 01 01 01 01 01 01 01 01 01 01 01 01 01 01 01 01 01 01 01 01 01 01 01 01 01 01 01 01 01 01 01 01 01 01 01 01 01 01 01 01 01 01 01 01 01 01 01 01 01 01 01 01 01 01 01 01 01 01 01 01 01 01 01 01 01 01 01 01 01 01 01 01 01 01 01 01 01 01 01 01 01 01 01 01 01 01 01 01 01 01 01 01 01 01 01 01 01 01 01 01 01 01 01 01 01 01 01 01 01 01 01 01 01 01 01 01 01 01 01 02 00 00 00 5E 00 00 00 2D 00 00 00 01 01 01 01 01 01 01 01 01 01 01 01 01 01 01 01 01 01 01 01 01 01 01 01 01 01 01 01 01 01 01 01 01 01 01 01 01 01 01 01 01 01 01 01 01 01 01 01 01 01 01 01 01 01 01 01 01 01 01 01 01 01 01 01 01 01 01 01 01 01 01 01 01 01 01 01 01 01 01 01 01 01 01 01 01 01 01 01 01 01 04 00 00 00 0C 00 00 00 F4 01 00 00 00 00 00 00 50 00 00 00 05 00 00 00 B8 00 00 00 2D 00 00 00 00 00 00 00 48 00 00 00 28 00 00 00 00 00 00 00 00 00 00 00 00 00 00 00 00 00 00 00 00 00 00 00 00 00 00 00 00 00 00 00 00 00 00 00 00 00 00 00 00 00 00 00 00 00 00 00 00 00 00 00 00 00 00 00 00 00 00 00 00 00 00 00 00 00 00 00 00 00 00 00 00 00 00 00 00 00 00 00 0A 00 00 00 0A 00 00 00 0A 00 00 00 0A 00 00 00 00 00 00 00 00 00 00 00 00 00 00 00 00 00 00 00 00 00 00 00 00 00 00 00 00 00 00 00 00 00 00 00 00 00 00 00 00 00 00 00 00 00 00 00 00 00 00 00 00 00 00 00 00 00 00 00 00 00 00 00 00 00 00 00 00 00 00 00 00 00 00 00 00 00 00 00 06 00 00 00 0F 00 00 00 00 00 00 00 00 00 00 00 00 00 00 00 00 00 00 AF 1E FF FF 08 66 E9 3F 04 00 00 00 04 00 00 00 00 00 00 00 08 00 00 00 01 00 00 00 C0 85 0A 40 01 00 00 00 CC 00 00 00 C8 00 00 00 01 01 01 01 01 01 01 01 01 01 01 01 01 01 01 01 01 01 01 01 01 01 01 01 01 01 01 01 01 01 01 01 01 01 01 01 01 01 01 01 01 01 01 01 01 01 01 01 01 01 01 01 01 01 01 01 01 01 01 01 01 01 01 01 01 01 01 01 01 01 01 01 01 01 01 01 01 01 01 01 01 01 01 01 01 01 01 01 01 01 01 01 01 01 01 01 01 01 01 01 01 01 01 01 01 01 01 01 01 01 01 01 01 01 01 01 01 01 01 01 01 01 01 01 01 01 01 01 01 01 01 01 01 01 01 01 01 01 01 01 01 01 01 01 01 01 01 01 01 01 01 01 01 01 01 01 01 01 01 01 01 01 01 01 01 01 01 01 01 01 01 01 01 01 01 01 01 01 01 01 01 01 01 01 01 01 01 01 01 01 01 01 01 01 01 01 01 01 01 01 02 00 00 00 5E 00 00 00 2D 00 00 00 01 01 01 01 01 01 01 01 01 01 01 01 01 01 01 01 01 01 01 01 01 01 01 01 01 01 01 01 01 01 01 01 01 01 01 01 01 01 01 01 01 01 01 01 01 01 01 01 01 01 01 01 01 01 01 01 01 01 01 01 01 01 01 01 01 01 01 01 01 01 01 01 01 01 01 01 01 01 01 01 01 01 01 01 01 01 01 01 01 01 04 00 00 00 0C 00 00 00 F4 01 00 00 00 00 00 00 50 00 00 00 05 00 00 00 B8 00 00 00 2D 00 00 00 00 00 00 00 48 00 00 00 28 00 00 00 00 00 00 00 00 00 00 00 00 00 00 00 00 00 00 00 00 00 00 00 00 00 00 00 00 00 00 00 00 00 00 00 00 00 00 00 00 00 00 00 00 00 00 00 00 00 00 00 00 00 00 00 00 00 00 00 00 00 00 00 00 00 00 00 00 00 00 00 00 00 00 00 00 00 00 00 0A 00 00 00 0A 00 00 00 0A 00 00 00 0A 00 00 00 00 00 00 00 00 00 00 00 00 00 00 00 00 00 00 00 00 00 00 00 00 00 00 00 00 00 00 00 00 00 00 00 00 00 00 00 00 00 00 00 00 00 00 00 00 00 00 00 00 00 00 00 00 00 00 00 00 00 00 00 00 00 00 00 00 00 00 00 00 00 00 00 00 00 00 00 06 00 00 00 0F 00 00 00 00 00 00 00 00 00 00 00 00 00 00 00 00 00 00 AF 1E FF FF 88 85 0A 40
nonZeroBytes:
b0=12
b4=2
b8=136
b9=133
b10=10
b11=64
b12=8
b13=137
b14=10
b15=64
b16=1
b20=204
b24=200
b28=1
b29=1
b30=1
b31=1
b32=1
b33=1
b34=1
b35=1
b36=1
b37=1
b38=1
b39=1
b40=1
b41=1
b42=1
b43=1
b44=1
b45=1
b46=1
b47=1
b48=1
b49=1
b50=1
b51=1
b52=1
b53=1
b54=1
b55=1
b56=1
b57=1
b58=1
b59=1
b60=1
b61=1
b62=1
b63=1
b64=1
b65=1
b66=1
b67=1
b68=1
b69=1
b70=1
b71=1
b72=1
b73=1
b74=1
b75=1
b76=1
b77=1
b78=1
b79=1
b80=1
b81=1
b82=1
b83=1
b84=1
b85=1
b86=1
b87=1
b88=1
b89=1
b90=1
b91=1
b92=1
b93=1
b94=1
b95=1
b96=1
b97=1
b98=1
b99=1
b100=1
b101=1
b102=1
b103=1
b104=1
b105=1
b106=1
b107=1
b108=1
b109=1
b110=1
b111=1
b112=1
b113=1
b114=1
b115=1
b116=1
b117=1
b118=1
b119=1
b120=1
b121=1
b122=1
b123=1
b124=1
b125=1
b126=1
b127=1
b128=1
b129=1
b130=1
b131=1
b132=1
b133=1
b134=1
b135=1
b136=1
b137=1
b138=1
b139=1
b140=1
b141=1
b142=1
b143=1
b144=1
b145=1
b146=1
b147=1
b148=1
b149=1
b150=1
b151=1
b152=1
b153=1
b154=1
b155=1
b156=1
b157=1
b158=1
b159=1
b160=1
b161=1
b162=1
b163=1
b164=1
b165=1
b166=1
b167=1
b168=1
b169=1
b170=1
b171=1
b172=1
b173=1
b174=1
b175=1
b176=1
b177=1
b178=1
b179=1
b180=1
b181=1
b182=1
b183=1
b184=1
b185=1
b186=1
b187=1
b188=1
b189=1
b190=1
b191=1
b192=1
b193=1
b194=1
b195=1
b196=1
b197=1
b198=1
b199=1
b200=1
b201=1
b202=1
b203=1
b204=1
b205=1
b206=1
b207=1
b208=1
b209=1
b210=1
b211=1
b212=1
b213=1
b214=1
b215=1
b216=1
b217=1
b218=1
b219=1
b220=1
b221=1
b222=1
b223=1
b224=1
b225=1
b226=1
b227=1
b228=2
b232=94
b236=45
b240=1
b241=1
b242=1
b243=1
b244=1
b245=1
b246=1
b247=1
b248=1
b249=1
b250=1
b251=1
b252=1
b253=1
b254=1
b255=1
b256=1
b257=1
b258=1
b259=1
b260=1
b261=1
b262=1
b263=1
b264=1
b265=1
b266=1
b267=1
b268=1
b269=1
b270=1
b271=1
b272=1
b273=1
b274=1
b275=1
b276=1
b277=1
b278=1
b279=1
b280=1
b281=1
b282=1
b283=1
b284=1
b285=1
b286=1
b287=1
b288=1
b289=1
b290=1
b291=1
b292=1
b293=1
b294=1
b295=1
b296=1
b297=1
b298=1
b299=1
b300=1
b301=1
b302=1
b303=1
b304=1
b305=1
b306=1
b307=1
b308=1
b309=1
b310=1
b311=1
b312=1
b313=1
b314=1
b315=1
b316=1
b317=1
b318=1
b319=1
b320=1
b321=1
b322=1
b323=1
b324=1
b325=1
b326=1
b327=1
b328=1
b329=1
b330=4
b334=12
b338=244
b339=1
b346=80
b350=5
b354=184
b358=45
b366=72
b370=40
b450=10
b454=10
b458=10
b462=10
b542=6
b546=15
b565=175
b566=30
b567=255
b568=255
b569=8
b570=102
b571=233
b572=63
b573=4
b577=4
b585=8
b589=1
b593=192
b594=133
b595=10
b596=64
b597=1
b601=204
b605=200
b609=1
b610=1
b611=1
b612=1
b613=1
b614=1
b615=1
b616=1
b617=1
b618=1
b619=1
b620=1
b621=1
b622=1
b623=1
b624=1
b625=1
b626=1
b627=1
b628=1
b629=1
b630=1
b631=1
b632=1
b633=1
b634=1
b635=1
b636=1
b637=1
b638=1
b639=1
b640=1
b641=1
b642=1
b643=1
b644=1
b645=1
b646=1
b647=1
b648=1
b649=1
b650=1
b651=1
b652=1
b653=1
b654=1
b655=1
b656=1
b657=1
b658=1
b659=1
b660=1
b661=1
b662=1
b663=1
b664=1
b665=1
b666=1
b667=1
b668=1
b669=1
b670=1
b671=1
b672=1
b673=1
b674=1
b675=1
b676=1
b677=1
b678=1
b679=1
b680=1
b681=1
b682=1
b683=1
b684=1
b685=1
b686=1
b687=1
b688=1
b689=1
b690=1
b691=1
b692=1
b693=1
b694=1
b695=1
b696=1
b697=1
b698=1
b699=1
b700=1
b701=1
b702=1
b703=1
b704=1
b705=1
b706=1
b707=1
b708=1
b709=1
b710=1
b711=1
b712=1
b713=1
b714=1
b715=1
b716=1
b717=1
b718=1
b719=1
b720=1
b721=1
b722=1
b723=1
b724=1
b725=1
b726=1
b727=1
b728=1
b729=1
b730=1
b731=1
b732=1
b733=1
b734=1
b735=1
b736=1
b737=1
b738=1
b739=1
b740=1
b741=1
b742=1
b743=1
b744=1
b745=1
b746=1
b747=1
b748=1
b749=1
b750=1
b751=1
b752=1
b753=1
b754=1
b755=1
b756=1
b757=1
b758=1
b759=1
b760=1
b761=1
b762=1
b763=1
b764=1
b765=1
b766=1
b767=1
b768=1
b769=1
b770=1
b771=1
b772=1
b773=1
b774=1
b775=1
b776=1
b777=1
b778=1
b779=1
b780=1
b781=1
b782=1
b783=1
b784=1
b785=1
b786=1
b787=1
b788=1
b789=1
b790=1
b791=1
b792=1
b793=1
b794=1
b795=1
b796=1
b797=1
b798=1
b799=1
b800=1
b801=1
b802=1
b803=1
b804=1
b805=1
b806=1
b807=1
b808=1
b809=2
b813=94
b817=45
b821=1
b822=1
b823=1
b824=1
b825=1
b826=1
b827=1
b828=1
b829=1
b830=1
b831=1
b832=1
b833=1
b834=1
b835=1
b836=1
b837=1
b838=1
b839=1
b840=1
b841=1
b842=1
b843=1
b844=1
b845=1
b846=1
b847=1
b848=1
b849=1
b850=1
b851=1
b852=1
b853=1
b854=1
b855=1
b856=1
b857=1
b858=1
b859=1
b860=1
b861=1
b862=1
b863=1
b864=1
b865=1
b866=1
b867=1
b868=1
b869=1
b870=1
b871=1
b872=1
b873=1
b874=1
b875=1
b876=1
b877=1
b878=1
b879=1
b880=1
b881=1
b882=1
b883=1
b884=1
b885=1
b886=1
b887=1
b888=1
b889=1
b890=1
b891=1
b892=1
b893=1
b894=1
b895=1
b896=1
b897=1
b898=1
b899=1
b900=1
b901=1
b902=1
b903=1
b904=1
b905=1
b906=1
b907=1
b908=1
b909=1
b910=1
b911=4
b915=12
b919=244
b920=1
b927=80
b931=5
b935=184
b939=45
b947=72
b951=40
b1031=10
b1035=10
b1039=10
b1043=10
b1123=6
b1127=15
b1146=175
b1147=30
b1148=255
b1149=255
b1150=136
b1151=133
b1152=10
b1153=64
shift0 index off raw norm (non-zero norm only)
0 0 12 12
1 4 2 2
2 8 1074431368 1074431368
3 12 1074432264 1074432264
4 16 1 1
5 20 204 204
6 24 200 200
7 28 16843009 16843009
8 32 16843009 16843009
9 36 16843009 16843009
10 40 16843009 16843009
11 44 16843009 16843009
12 48 16843009 16843009
13 52 16843009 16843009
14 56 16843009 16843009
15 60 16843009 16843009
16 64 16843009 16843009
17 68 16843009 16843009
18 72 16843009 16843009
19 76 16843009 16843009
20 80 16843009 16843009
21 84 16843009 16843009
22 88 16843009 16843009
23 92 16843009 16843009
24 96 16843009 16843009
25 100 16843009 16843009
26 104 16843009 16843009
27 108 16843009 16843009
28 112 16843009 16843009
29 116 16843009 16843009
30 120 16843009 16843009
31 124 16843009 16843009
32 128 16843009 16843009
33 132 16843009 16843009
34 136 16843009 16843009
35 140 16843009 16843009
36 144 16843009 16843009
37 148 16843009 16843009
38 152 16843009 16843009
39 156 16843009 16843009
40 160 16843009 16843009
41 164 16843009 16843009
42 168 16843009 16843009
43 172 16843009 16843009
44 176 16843009 16843009
45 180 16843009 16843009
46 184 16843009 16843009
47 188 16843009 16843009
48 192 16843009 16843009
49 196 16843009 16843009
50 200 16843009 16843009
51 204 16843009 16843009
52 208 16843009 16843009
53 212 16843009 16843009
54 216 16843009 16843009
55 220 16843009 16843009
56 224 16843009 16843009
57 228 2 2
58 232 94 94
59 236 45 45
60 240 16843009 16843009
61 244 16843009 16843009
62 248 16843009 16843009
63 252 16843009 16843009
64 256 16843009 16843009
65 260 16843009 16843009
66 264 16843009 16843009
67 268 16843009 16843009
68 272 16843009 16843009
69 276 16843009 16843009
70 280 16843009 16843009
71 284 16843009 16843009
72 288 16843009 16843009
73 292 16843009 16843009
74 296 16843009 16843009
75 300 16843009 16843009
76 304 16843009 16843009
77 308 16843009 16843009
78 312 16843009 16843009
79 316 16843009 16843009
80 320 16843009 16843009
81 324 16843009 16843009
82 328 262401 262401
83 332 786432 3072
84 336 32768000 128000
86 344 5242880 20480
87 348 327680 1280
88 352 12058624 47104
89 356 2949120 11520
91 364 4718592 18432
92 368 2621440 10240
112 448 655360 2560
113 452 655360 2560
114 456 655360 2560
115 460 655360 2560
135 540 393216 1536
136 544 983040 3840
141 564 -14766336 -14766336
142 568 -379188993 -379188993
143 572 1087 1087
144 576 1024 4
146 584 2048 8
147 588 256 1
148 592 176537600 689600
149 596 320 320
150 600 52224 204
151 604 51200 200
152 608 16843008 65793
153 612 16843009 16843009
154 616 16843009 16843009
155 620 16843009 16843009
156 624 16843009 16843009
157 628 16843009 16843009
158 632 16843009 16843009
159 636 16843009 16843009
160 640 16843009 16843009
161 644 16843009 16843009
162 648 16843009 16843009
163 652 16843009 16843009
164 656 16843009 16843009
165 660 16843009 16843009
166 664 16843009 16843009
167 668 16843009 16843009
168 672 16843009 16843009
169 676 16843009 16843009
170 680 16843009 16843009
171 684 16843009 16843009
172 688 16843009 16843009
173 692 16843009 16843009
174 696 16843009 16843009
175 700 16843009 16843009
176 704 16843009 16843009
177 708 16843009 16843009
178 712 16843009 16843009
179 716 16843009 16843009
180 720 16843009 16843009
181 724 16843009 16843009
182 728 16843009 16843009
183 732 16843009 16843009
184 736 16843009 16843009
185 740 16843009 16843009
186 744 16843009 16843009
187 748 16843009 16843009
188 752 16843009 16843009
189 756 16843009 16843009
190 760 16843009 16843009
191 764 16843009 16843009
192 768 16843009 16843009
193 772 16843009 16843009
194 776 16843009 16843009
195 780 16843009 16843009
196 784 16843009 16843009
197 788 16843009 16843009
198 792 16843009 16843009
199 796 16843009 16843009
200 800 16843009 16843009
201 804 16843009 16843009
202 808 513 513
203 812 24064 94
204 816 11520 45
205 820 16843008 65793
206 824 16843009 16843009
207 828 16843009 16843009
208 832 16843009 16843009
209 836 16843009 16843009
210 840 16843009 16843009
211 844 16843009 16843009
212 848 16843009 16843009
213 852 16843009 16843009
214 856 16843009 16843009
215 860 16843009 16843009
216 864 16843009 16843009
217 868 16843009 16843009
218 872 16843009 16843009
219 876 16843009 16843009
220 880 16843009 16843009
221 884 16843009 16843009
222 888 16843009 16843009
223 892 16843009 16843009
224 896 16843009 16843009
225 900 16843009 16843009
226 904 16843009 16843009
227 908 67174657 67174657
228 912 201326592 786432
229 916 -201326592 -201326592
230 920 1 1
231 924 1342177280 5242880
232 928 83886080 327680
233 932 -1207959552 -1207959552
234 936 754974720 2949120
236 944 1207959552 4718592
237 948 671088640 2621440
257 1028 167772160 655360
258 1032 167772160 655360
259 1036 167772160 655360
260 1040 167772160 655360
280 1120 100663296 393216
281 1124 251658240 983040
286 1144 514785280 2010880
287 1148 -2054619137 -2054619137
