start=2053 id=5 payloadLen=120
payloadHex=1A 00 00 00 00 00 00 00 00 00 00 00 00 00 00 00 00 30 52 0A 40 00 00 00 00 00 00 00 00 00 01 00 00 00 08 00 00 00 01 00 00 00 20 8D FF 3F AF 1E FF FF 88 6E 0A 40 05 00 00 00 05 00 00 00 00 00 00 00 1A 00 00 00 00 00 00 00 00 00 00 00 00 00 00 00 00 B0 52 0A 40 00 00 00 00 00 00 00 00 00 01 00 00 00 08 00 00 00 01 00 00 00 70 8B FF 3F AF 1E FF FF 30 52 0A 40
nonZeroBytes:
b0=26
b17=48
b18=82
b19=10
b20=64
b30=1
b34=8
b38=1
b42=32
b43=141
b44=255
b45=63
b46=175
b47=30
b48=255
b49=255
b50=136
b51=110
b52=10
b53=64
b54=5
b58=5
b66=26
b83=176
b84=82
b85=10
b86=64
b96=1
b100=8
b104=1
b108=112
b109=139
b110=255
b111=63
b112=175
b113=30
b114=255
b115=255
b116=48
b117=82
b118=10
b119=64
shift0 index off raw norm (non-zero norm only)
0 0 26 26
4 16 173158400 676400
5 20 64 64
7 28 65536 256
8 32 524288 2048
9 36 65536 256
10 40 -1927282688 -1927282688
11 44 514801663 2010943
12 48 1854472191 7244031
13 52 344074 344074
14 56 327680 1280
16 64 1703936 6656
20 80 -1342177280 -1342177280
21 84 4196946 4196946
24 96 1 1
25 100 8 8
26 104 1 1
27 108 1073711984 1073711984
28 112 -57681 -57681
29 116 1074418224 1074418224
