start=2039 id=5 payloadLen=120
payloadHex=1A 00 00 00 00 00 00 00 00 03 00 00 00 05 00 00 00 60 51 0A 40 00 00 00 00 00 00 00 00 00 01 00 00 00 08 00 00 00 01 00 00 00 B8 F6 C1 11 AF 1E FF FF 00 6D 0A 40 05 00 00 00 05 00 00 00 00 00 00 00 1A 00 00 00 00 00 00 00 00 00 00 00 00 00 00 00 00 B0 51 0A 40 00 00 00 00 00 00 00 00 00 01 00 00 00 08 00 00 00 01 00 00 00 D8 83 FF 3F AF 1E FF FF 60 51 0A 40
nonZeroBytes:
b0=26
b9=3
b13=5
b17=96
b18=81
b19=10
b20=64
b30=1
b34=8
b38=1
b42=184
b43=246
b44=193
b45=17
b46=175
b47=30
b48=255
b49=255
b51=109
b52=10
b53=64
b54=5
b58=5
b66=26
b83=176
b84=81
b85=10
b86=64
b96=1
b100=8
b104=1
b108=216
b109=131
b110=255
b111=63
b112=175
b113=30
b114=255
b115=255
b116=96
b117=81
b118=10
b119=64
shift0 index off raw norm (non-zero norm only)
0 0 26 26
2 8 768 3
3 12 1280 5
4 16 173105152 676192
5 20 64 64
7 28 65536 256
8 32 524288 2048
9 36 65536 256
10 40 -155713536 -155713536
11 44 514789825 514789825
12 48 1828782079 7143679
13 52 344074 344074
14 56 327680 1280
16 64 1703936 6656
20 80 -1342177280 -1342177280
21 84 4196945 4196945
24 96 1 1
25 100 8 8
26 104 1 1
27 108 1073710040 1073710040
28 112 -57681 -57681
29 116 1074418016 1074418016
