[EnemyNearMarkerTrigger] payloadLen=49
shift=0 first14=0,1,1,-4086528,11519,0,3072,6144,0,256,-14766336,578482431
shift=1 first14=16777216,16777216,0,-15963,44,0,12,24,0,1,-57681,1076001520
shift=2 first14=65536,65536,-1526726656,754974657,0,201326592,402653184,0,16777216,-1358954496,-251658466
shift=3 first14=256,256,-1046151168,2949119,0,786432,1572864,0,65536,514785280,2062614527
payloadHex=00 00 00 00 01 00 00 00 01 00 00 00 00 A5 C1 FF FF 2C 00 00 00 00 00 00 00 0C 00 00 00 18 00 00 00 00 00 00 00 01 00 00 00 AF 1E FF FF F0 7A 22 40

[QuestCompleteTrigger] payloadLen=40
shift=0 first14=0,1,1,-4086528,11775,0,768,16777472,-57681,1076001736
shift=1 first14=16777216,16777216,0,-15963,45,0,3,-1358888959,-922747106
shift=2 first14=65536,65536,-1526726656,771751873,0,50331648,16777216,514785536,2076770303
shift=3 first14=256,256,-1046151168,3014655,0,196608,65536,-14766335,578537727
payloadHex=00 00 00 00 01 00 00 00 01 00 00 00 00 A5 C1 FF FF 2D 00 00 00 00 00 00 00 03 00 00 00 01 00 01 AF 1E FF FF C8 7B 22 40

