start=2045 id=5 payloadLen=256
payloadHex=1A 00 00 00 00 00 00 00 00 00 00 00 00 00 00 00 00 A0 E0 FD 3F 00 00 00 00 00 00 00 00 00 01 00 00 00 0C 00 00 00 02 00 00 00 B8 46 FD 3F 90 4D FD 3F AF 1E FF FF 98 ED 11 40 05 00 00 00 05 00 00 00 00 00 00 00 1A 00 00 00 00 00 00 00 00 00 00 00 00 00 00 00 00 B0 DE FD 3F 00 00 00 00 00 00 00 00 00 01 00 00 00 08 00 00 00 01 00 00 00 B0 45 FD 3F AF 1E FF FF 08 EE 11 40 05 00 00 00 05 00 00 00 00 00 00 00 1A 00 00 00 00 00 00 00 00 00 00 00 00 00 00 00 00 F0 EB 04 40 00 00 00 00 00 00 00 00 00 01 00 00 00 08 00 00 00 01 00 00 00 D0 46 FD 3F AF 1E FF FF 90 EF 11 40 05 00 00 00 05 00 00 00 00 00 00 00 1A 00 00 00 00 00 00 00 00 00 00 00 00 00 00 00 00 30 E0 FD 3F 00 00 00 00 00 00 00 00 00 01 00 00 00 08 00 00 00 01 00 00 00 60 47 FD 3F AF 1E FF FF A0 E0 FD 3F
nonZeroBytes:
b0=26
b17=160
b18=224
b19=253
b20=63
b30=1
b34=12
b38=2
b42=184
b43=70
b44=253
b45=63
b46=144
b47=77
b48=253
b49=63
b50=175
b51=30
b52=255
b53=255
b54=152
b55=237
b56=17
b57=64
b58=5
b62=5
b70=26
b87=176
b88=222
b89=253
b90=63
b100=1
b104=8
b108=1
b112=176
b113=69
b114=253
b115=63
b116=175
b117=30
b118=255
b119=255
b120=8
b121=238
b122=17
b123=64
b124=5
b128=5
b136=26
b153=240
b154=235
b155=4
b156=64
b166=1
b170=8
b174=1
b178=208
b179=70
b180=253
b181=63
b182=175
b183=30
b184=255
b185=255
b186=144
b187=239
b188=17
b189=64
b190=5
b194=5
b202=26
b219=48
b220=224
b221=253
b222=63
b232=1
b236=8
b240=1
b244=96
b245=71
b246=253
b247=63
b248=175
b249=30
b250=255
b251=255
b252=160
b253=224
b254=253
b255=63
shift0 index off raw norm (non-zero norm only)
0 0 26 26
4 16 -35610624 -35610624
5 20 63 63
7 28 65536 256
8 32 786432 3072
9 36 131072 512
10 40 1186463744 4634624
11 44 1301299197 1301299197
12 48 514801661 514801661
13 52 -308740097 -308740097
14 56 344081 344081
15 60 327680 1280
17 68 1703936 6656
21 84 -1342177280 -1342177280
22 88 4193758 4193758
25 100 1 1
26 104 8 8
27 108 1 1
28 112 1073563056 1073563056
29 116 -57681 -57681
30 120 1074916872 1074916872
31 124 5 5
32 128 5 5
34 136 26 26
38 152 82571264 322544
39 156 64 64
41 164 65536 256
42 168 524288 2048
43 172 65536 256
44 176 1188036608 4640768
45 180 514801661 514801661
46 184 -275709953 -275709953
47 188 344081 344081
48 192 327680 1280
50 200 1703936 6656
54 216 805306368 3145728
55 220 4193760 4193760
58 232 1 1
59 236 8 8
60 240 1 1
61 244 1073563488 1073563488
62 248 -57681 -57681
63 252 1073602720 1073602720
