start=1537 id=6 payloadLen=77
payloadHex=00 00 00 00 01 00 00 00 00 A5 C1 FF FF 06 00 00 00 00 00 00 00 2C 00 00 00 00 00 00 00 01 00 00 00 00 00 00 00 02 00 00 00 02 00 00 00 02 00 00 00 01 00 00 00 02 00 00 00 01 00 00 00 01 00 00 00 01 00 00 00 AF 1E FF FF C0 B2 40 12
nonZeroBytes:
b4=1
b9=165
b10=193
b11=255
b12=255
b13=6
b21=44
b29=1
b37=2
b41=2
b45=2
b49=1
b53=2
b57=1
b61=1
b65=1
b69=175
b70=30
b71=255
b72=255
b73=192
b74=178
b75=64
b76=18
shift0 index off raw norm (non-zero norm only)
1 4 1 1
2 8 -4086528 -4086528
3 12 1791 6
5 20 11264 44
7 28 256 1
9 36 512 2
10 40 512 2
11 44 512 2
12 48 256 1
13 52 512 2
14 56 256 1
15 60 256 1
16 64 256 1
17 68 -14766336 -14766336
18 72 1085456639 4240064
