payloadLen=39
shift=0 ints=110,256,-1046151168,458751,0,327680,196608,-1358954496,419430174
shift=0 norm=110,1,-1046151168,1791,0,1280,768,-1358954496,419430174
shift=1 ints=0,1,-4086528,1791,0,1280,768,514785280,-1944518657
shift=1 norm=0,1,-4086528,6,0,5,3,2010880,-1944518657
shift=2 ints=16777216,0,-15963,6,0,5,3,-14766336,-1031005953
shift=2 norm=65536,0,-15963,6,0,5,3,-14766336,-1031005953
shift=3 ints=65536,-1526726656,117440449,0,83886080,50331648,0,-57681,297962520
shift=3 norm=256,-1526726656,117440449,0,327680,196608,0,-57681,297962520
payloadHex=6E 00 00 00 00 01 00 00 00 00 A5 C1 FF FF 06 00 00 00 00 00 00 00 05 00 00 00 03 00 00 00 00 AF 1E FF FF 18 8C C2 11
