start=2045 id=5 payloadLen=252
payloadHex=1A 00 00 00 00 00 00 00 00 00 00 00 00 00 00 00 00 A0 E0 FD 3F 00 00 00 00 00 00 00 00 00 01 00 00 00 08 00 00 00 01 00 00 00 B8 46 FD 3F AF 1E FF FF 98 ED 11 40 05 00 00 00 05 00 00 00 00 00 00 00 1A 00 00 00 00 00 00 00 00 00 00 00 00 00 00 00 00 B0 DE FD 3F 00 00 00 00 00 00 00 00 00 01 00 00 00 08 00 00 00 01 00 00 00 B0 45 FD 3F AF 1E FF FF 08 EE 11 40 05 00 00 00 05 00 00 00 00 00 00 00 1A 00 00 00 00 00 00 00 00 00 00 00 00 00 00 00 00 F0 EB 04 40 00 00 00 00 00 00 00 00 00 01 00 00 00 08 00 00 00 01 00 00 00 D0 46 FD 3F AF 1E FF FF 90 EF 11 40 05 00 00 00 05 00 00 00 00 00 00 00 1A 00 00 00 00 00 00 00 00 00 00 00 00 00 00 00 00 30 E0 FD 3F 00 00 00 00 00 00 00 00 00 01 00 00 00 08 00 00 00 01 00 00 00 60 47 FD 3F AF 1E FF FF A0 E0 FD 3F
nonZeroBytes:
b0=26
b17=160
b18=224
b19=253
b20=63
b30=1
b34=8
b38=1
b42=184
b43=70
b44=253
b45=63
b46=175
b47=30
b48=255
b49=255
b50=152
b51=237
b52=17
b53=64
b54=5
b58=5
b66=26
b83=176
b84=222
b85=253
b86=63
b96=1
b100=8
b104=1
b108=176
b109=69
b110=253
b111=63
b112=175
b113=30
b114=255
b115=255
b116=8
b117=238
b118=17
b119=64
b120=5
b124=5
b132=26
b149=240
b150=235
b151=4
b152=64
b162=1
b166=8
b170=1
b174=208
b175=70
b176=253
b177=63
b178=175
b179=30
b180=255
b181=255
b182=144
b183=239
b184=17
b185=64
b186=5
b190=5
b198=26
b215=48
b216=224
b217=253
b218=63
b228=1
b232=8
b236=1
b240=96
b241=71
b242=253
b243=63
b244=175
b245=30
b246=255
b247=255
b248=160
b249=224
b250=253
b251=63
shift0 index off raw norm (non-zero norm only)
0 0 26 26
4 16 -35610624 -35610624
5 20 63 63
7 28 65536 256
8 32 524288 2048
9 36 65536 256
10 40 1186463744 4634624
11 44 514801661 514801661
12 48 -308740097 -308740097
13 52 344081 344081
14 56 327680 1280
16 64 1703936 6656
20 80 -1342177280 -1342177280
21 84 4193758 4193758
24 96 1 1
25 100 8 8
26 104 1 1
27 108 1073563056 1073563056
28 112 -57681 -57681
29 116 1074916872 1074916872
30 120 5 5
31 124 5 5
33 132 26 26
37 148 82571264 322544
38 152 64 64
40 160 65536 256
41 164 524288 2048
42 168 65536 256
43 172 1188036608 4640768
44 176 514801661 514801661
45 180 -275709953 -275709953
46 184 344081 344081
47 188 327680 1280
49 196 1703936 6656
53 212 805306368 3145728
54 216 4193760 4193760
57 228 1 1
58 232 8 8
59 236 1 1
60 240 1073563488 1073563488
61 244 -57681 -57681
62 248 1073602720 1073602720
