# Fully Deflated Stream Dump
Map: maps\war_chapter1.s2m
FileSize: 673069
ValidStreams: 9

===== Stream #1 =====
Start=135 End=8329 CompressedLength=8194 DecompressedLength=3914
ASCII_PREVIEW(2048):
...\................MapHeader.............|..................#.......\.w.a.r._.c.h.a.p.t.e.r.1...........|..........EstateMarkers............ ...................................................................................................................................................................................................................................................................................................................................................................................................................Scenario................0.<.......................H...........................T...........................................................................................T........................................................................................................................0.<.........Mission........0.......h.....]...].0.].h.]...]...]...].H.]...]...].........................................................................................................................................................................................................................^...-.............................................................................................................d...........-..................................................................................................................................................................................................................h...........ScenarioEvent.........................x.[........................7.......]................................7......................p.7.......]..............................0.7......................8.7.....0.]................................<........................7.....h.]..............................@.[........................7.......]...............................t<........................7.xt<.......]..............................`.(........................7.......]................................7......................(.(.....H.]............................
HEX_PREVIEW(512 bytes):
1E AB A1 5C 01 00 00 00 F4 C7 C6 00 01 00 00 00 09 00 00 00 4D 61 70 48 65 61 64 65 72 01 00 00 00 00 00 00 00 04 00 00 00 B0 7C BB 00 01 00 00 00 04 00 00 00 A8 A6 C3 00 02 00 00 00 23 00 00 00 0D 00 00 00 5C 00 77 00 61 00 72 00 5F 00 63 00 68 00 61 00 70 00 74 00 65 00 72 00 31 00 01 02 00 00 00 AF 1E FF FF B0 7C BB 00 02 00 00 00 0D 00 00 00 45 73 74 61 74 65 4D 61 72 6B 65 72 73 02 00 00 00 00 00 00 00 84 01 00 00 20 00 00 00 00 00 00 00 00 00 00 00 00 00 00 00 00 97 1D 00 97 00 1D 00 02 00 00 00 00 E7 D3 00 E7 00 D3 00 00 00 00 00 00 00 00 00 00 00 00 00 00 00 00 00 00 00 00 00 00 00 00 00 00 00 00 00 00 00 00 00 00 00 00 00 00 00 00 00 00 00 00 00 00 00 00 00 00 00 00 00 00 00 00 00 00 00 00 00 00 00 00 00 00 00 00 00 00 00 00 00 00 00 00 00 00 00 00 00 00 00 00 00 00 00 00 00 00 00 00 00 00 00 00 00 00 00 00 00 00 00 00 00 00 00 00 00 00 00 00 00 00 00 00 00 00 00 00 00 00 00 00 00 00 00 00 00 00 00 00 00 00 00 00 00 00 00 00 00 00 00 00 00 00 00 00 00 00 00 00 00 00 00 00 00 00 00 00 00 00 00 00 00 00 00 00 00 00 00 00 00 00 00 00 00 00 00 00 00 00 00 00 00 00 00 00 00 00 00 00 00 00 00 00 00 00 00 00 00 00 00 00 00 00 00 00 00 00 00 00 00 00 00 00 00 00 00 00 00 00 00 00 00 00 00 00 00 00 00 00 00 00 00 00 00 00 00 00 00 00 00 00 00 00 00 00 00 00 00 00 00 00 00 00 00 00 00 00 00 00 00 00 00 00 00 00 00 00 00 00 00 00 00 00 00 00 00 00 00 00 00 00 00 00 00 00 00 00 00 00 00 00 00 00 00 00 00 00 00 00 00 00 00 00 00 00 00 00 00 00 00 00 00 00 00 00 00 00 00 00 00 00 00 00 00 00 00 00 00 00 00 00 00 00

===== Stream #2 =====
Start=1099 End=17485 CompressedLength=16386 DecompressedLength=327820
ASCII_PREVIEW(2048):
...\.....~..........RadarMap................................................................................................................................................................................................................................................................................................................................................................................................................................................................................................................................................................................................................................................................................................................................................................................................................................................................................................................................................................................................................................................................................`8..`8..`8..`8..`8..`8..`8..`8..`8..`8..`8..`8..`8..`8..`8..`8..`8..`8..`8..`8..`8..`8..`8..`8..`8..`8..`8..`8..`8..`8..`8..`8..`8..`8..`8..`8..`8..`8..`8..`8..`8..`8..`8..`8..`8..`8..`8..`8..`8..`8..`8..`8..`8..`8..`8..`8..`8..`8..`8..`8..`8..`8..`8..`8..`8..`8..`8..`8..`8..`8..`8..`8..`8..`8..`8..`8..`8..`8..`8..`8..`8..`8..`8..`8..`8..`8..`8..`8..`8..`8..`8..`8..`8..`8..`8..`8..`8..`8..`8..`8..`8..`8..`8..`8..`8..`8..`8..`8..`8..`8..`8..`8..`8..`8..`8..`8..`8..`8..`8..`8..`8..`8..`8..`8..`8..`8..`8..`8..`8..`8..`8..`8..`8..`8..`8..`8..`8..`8..`8..`8..`8..`8..`8..`8..`8..`8..`8..`8..`8..`8..`8..`8..`8..`8..`8..`8..`8..`8..`8..`8..`8..`8..`8..`8..`8..`8..`8..`8..`8..`8..`8..`8..`8..`8..`8..`8..`8..`8..`8..`8..`8..`8..`8..`8..`8..`8..`8..`8..`8..`8..`8..`8..`8..`8..`8..`8..`8..`8..`8..`8..`8..`8..`8..`8..`8..`8..`8..`8..`8..`8..`8..`8..`8..`8..`8..`8..`8..`8..`8..`8..`8..`8..`8..`8..`8..`8..`8..`8..`8..`8..`8..`8..`8..`8..`8..`8..`8..`8..`8..`8..`8..`8..`8..`8..`8..
HEX_PREVIEW(512 bytes):
1E AB A1 5C 01 00 00 00 C8 7E BB 00 01 00 00 00 08 00 00 00 52 61 64 61 72 4D 61 70 01 00 00 00 00 00 00 00 00 00 04 00 00 00 00 FF 00 00 00 FF 00 00 00 FF 00 00 00 FF 00 00 00 FF 00 00 00 FF 00 00 00 FF 00 00 00 FF 00 00 00 FF 00 00 00 FF 00 00 00 FF 00 00 00 FF 00 00 00 FF 00 00 00 FF 00 00 00 FF 00 00 00 FF 00 00 00 FF 00 00 00 FF 00 00 00 FF 00 00 00 FF 00 00 00 FF 00 00 00 FF 00 00 00 FF 00 00 00 FF 00 00 00 FF 00 00 00 FF 00 00 00 FF 00 00 00 FF 00 00 00 FF 00 00 00 FF 00 00 00 FF 00 00 00 FF 00 00 00 FF 00 00 00 FF 00 00 00 FF 00 00 00 FF 00 00 00 FF 00 00 00 FF 00 00 00 FF 00 00 00 FF 00 00 00 FF 00 00 00 FF 00 00 00 FF 00 00 00 FF 00 00 00 FF 00 00 00 FF 00 00 00 FF 00 00 00 FF 00 00 00 FF 00 00 00 FF 00 00 00 FF 00 00 00 FF 00 00 00 FF 00 00 00 FF 00 00 00 FF 00 00 00 FF 00 00 00 FF 00 00 00 FF 00 00 00 FF 00 00 00 FF 00 00 00 FF 00 00 00 FF 00 00 00 FF 00 00 00 FF 00 00 00 FF 00 00 00 FF 00 00 00 FF 00 00 00 FF 00 00 00 FF 00 00 00 FF 00 00 00 FF 00 00 00 FF 00 00 00 FF 00 00 00 FF 00 00 00 FF 00 00 00 FF 00 00 00 FF 00 00 00 FF 00 00 00 FF 00 00 00 FF 00 00 00 FF 00 00 00 FF 00 00 00 FF 00 00 00 FF 00 00 00 FF 00 00 00 FF 00 00 00 FF 00 00 00 FF 00 00 00 FF 00 00 00 FF 00 00 00 FF 00 00 00 FF 00 00 00 FF 00 00 00 FF 00 00 00 FF 00 00 00 FF 00 00 00 FF 00 00 00 FF 00 00 00 FF 00 00 00 FF 00 00 00 FF 00 00 00 FF 00 00 00 FF 00 00 00 FF 00 00 00 FF 00 00 00 FF 00 00 00 FF 00 00 00 FF 00 00 00 FF 00 00 00 FF 00 00 00 FF 00 00 00 FF 00 00 00 FF 00 00 00 FF 00 00 00 FF 00 00 00 FF 00 00 00 FF 00 00 00 FF

===== Stream #3 =====
Start=14127 End=673069 CompressedLength=658942 DecompressedLength=10397138
ASCII_PREVIEW(2048):
...\....p...........S2Game........Game............*.....-.........H.......................`....................................................-...........*........................................,...................................................,.......................................................X............................................................................................................................................................................................................................................................................................................................................................................................................................................................................................................................................&.....................................................................................................................................................................................................................................................................................................................m.a.p.s.\.w.a.r._.c.h.a.p.t.e.r.8...s.2.m..............................................................................................................................................................................................................................................................................................................................................................................................................................................................................L.o.r.d. .S.t.r.o.n.g.h.o.l.d.............................................................................................................................d.............H...........Simulation............t................1.G.P..Pm.......... ....SA..+_..._...<...R...R...R...]...]..p]..P]..0W...<...<...<.x.=...7...8...8.P+8.0e:..y:...:...:.p.:.@.:...:...:...;...;.P+;......qF.....................Floaters....
HEX_PREVIEW(512 bytes):
1E AB A1 5C 01 00 00 00 70 D7 B6 00 01 00 00 00 06 00 00 00 53 32 47 61 6D 65 02 00 00 00 04 00 00 00 47 61 6D 65 00 00 00 00 0C 00 00 00 00 00 00 00 2A 04 00 00 EB 17 2D E7 01 00 00 00 04 00 00 00 48 F1 DD 01 A5 C1 FF FF 01 00 00 00 00 00 00 00 08 00 00 00 A4 A6 C3 00 60 E6 D6 00 02 00 00 00 0D 00 00 00 00 00 00 00 A0 F6 BA 00 00 00 00 00 00 04 00 00 00 04 00 00 00 98 E0 BA 00 05 00 00 00 04 00 00 00 F0 F2 BA 00 06 00 00 00 2D 00 00 00 00 00 00 00 00 00 00 00 2A 04 00 00 00 02 00 00 00 01 00 00 00 00 00 00 00 00 00 00 00 00 00 00 02 00 00 00 01 02 00 00 00 00 00 00 00 07 00 00 00 2C 00 00 00 00 00 00 00 01 00 00 00 02 00 00 00 03 00 00 00 04 00 00 00 05 00 00 00 06 00 00 00 07 00 00 00 08 00 00 00 09 00 00 00 0A 00 00 00 08 00 00 00 2C 00 00 00 00 00 00 00 01 00 00 00 02 00 00 00 03 00 00 00 04 00 00 00 05 00 00 00 06 00 00 00 07 00 00 00 08 00 00 00 09 00 00 00 0A 00 00 00 09 00 00 00 04 00 00 00 58 AA C3 00 0A 00 00 00 17 00 00 00 14 00 00 00 03 00 00 00 00 00 00 00 00 00 03 00 00 00 01 00 00 00 00 0B 00 00 00 04 00 00 00 F8 09 D5 00 0C 00 00 00 B9 01 00 00 00 00 00 00 00 00 00 00 00 00 00 00 00 00 00 00 00 00 00 00 00 00 00 00 00 00 00 00 00 00 00 00 00 00 00 00 00 00 00 00 00 00 00 00 00 00 00 00 00 00 00 00 00 00 00 00 00 00 00 00 00 00 00 00 00 00 00 00 00 00 00 00 00 00 00 00 00 00 00 00 00 00 00 00 00 00 00 00 00 00 00 00 00 00 00 00 00 00 00 00 00 00 00 00 00 00 00 00 00 00 00 00 00 00 00 00 00 00 00 00 00 00 00 00 00 00 00 00 00 00 00 00 00 00 00 00 00 00 00 00 00 00 00 00 00 00 00 00 00 00 00 00 00

===== Stream #4 =====
Start=15874 End=24068 CompressedLength=8194 DecompressedLength=401
ASCII_PREVIEW(401):
p..p..p..p..p..p..p..p..p..p..p..p..p..p..p..p..p..p..p..p..p..p..p..p..p..p..p..p..p..p..p..p...S......o.O...S......o.O...S......o.O...S..H....................................................[..h3-!........Y.Y.Y.Y.Yf....k.....k.....k.....k.....k.....k.....k.....k.....k.....k.....k.....k.....k.....k.....k.....k.....k.....k.....k...............k.....k.....k.....k.....k.....k.....k.....k.....xO..5..W
HEX_PREVIEW(401 bytes):
70 00 00 70 00 00 70 00 00 70 00 00 70 00 00 70 00 00 70 00 00 70 00 00 70 00 00 70 00 00 70 00 00 70 00 00 70 00 00 70 00 00 70 00 00 70 00 00 70 00 00 70 00 00 70 00 00 70 00 00 70 00 00 70 00 00 70 00 00 70 00 00 70 00 00 70 00 00 70 00 00 70 00 00 70 00 00 70 00 00 70 00 00 70 00 00 04 53 AF A2 EB EE 0F 0B 6F A5 4F FF 00 04 53 AF A2 EB EE 0F 0B 6F A5 4F FF 00 04 53 AF A2 EB EE 0F 0B 6F A5 4F FF 00 04 53 AF BF 48 00 00 00 00 00 00 00 00 00 00 00 00 00 00 00 00 00 00 00 00 00 00 00 00 00 00 00 00 00 00 00 00 00 00 00 00 00 00 00 00 00 00 00 00 00 00 00 00 00 00 00 00 5B 8F 82 68 33 2D 21 00 00 00 00 00 00 00 D0 59 F4 59 F4 59 F4 59 F4 59 66 2E F0 E2 B1 6B 1A 2E F0 E2 B1 6B 1A 2E F0 E2 B1 6B 1A 2E F0 E2 B1 6B 1A 2E F0 E2 B1 6B 1A 2E F0 E2 B1 6B 1A 2E F0 E2 B1 6B 1A 2E F0 E2 B1 6B 1A 2E F0 E2 B1 6B 1A 2E F0 E2 B1 6B 1A 2E F0 E2 B1 6B 1A 2E F0 E2 B1 6B 1A 2E F0 E2 B1 6B 1A 2E F0 E2 B1 6B 1A 2E F0 E2 B1 6B 1A 2E F0 E2 B1 6B 1A 2E F0 E2 B1 6B 1A 2E F0 E2 B1 6B 1A 2E F0 E2 B1 6B 1A 2E F0 E2 2E F0 E2 B1 14 14 1A 2E F0 E2 B1 6B 1A 2E F0 E2 B1 6B 1A 2E F0 E2 B1 6B 1A 2E F0 E2 B1 6B 1A 2E F0 E2 B1 6B 1A 2E F0 E2 B1 6B 1A 2E F0 E2 B1 6B 1A 2E F0 E2 B1 6B 1A 2E F0 E2 B1 78 4F DF D0 35 14 FF 57

===== Stream #5 =====
Start=407971 End=416165 CompressedLength=8194 DecompressedLength=163
ASCII_PREVIEW(163):
-..............................................................................................................................................................6fe@
HEX_PREVIEW(163 bytes):
2D 00 00 00 00 00 00 00 00 00 00 00 00 00 00 00 00 00 00 00 00 00 00 00 00 00 00 00 00 00 00 00 00 00 00 00 00 00 00 00 00 00 00 00 00 00 00 00 00 00 00 00 00 00 00 00 00 00 00 00 00 00 00 00 00 00 00 00 00 00 00 00 00 00 00 00 00 00 00 00 00 00 00 00 00 00 00 00 00 00 00 00 00 00 00 00 00 00 00 00 00 00 00 00 00 00 00 00 00 00 00 00 00 00 00 00 00 00 00 00 00 00 00 00 00 00 00 00 00 00 00 00 00 00 00 00 00 00 00 00 00 00 00 00 00 00 00 00 00 00 00 00 00 00 00 00 00 00 EA 36 66 65 40

===== Stream #6 =====
Start=568886 End=577080 CompressedLength=8194 DecompressedLength=1767
ASCII_PREVIEW(1767):
.......................................................................................................................................................................................................................................................................................................................................................................................................................................................................................................................................................................................................................................................................................................................................................................................................................................................................................................................................................................................................................................................................................................................................................................................................................................................................................................................................................................................................................................................................................................................................................................................................................................................................................................................................................................................................................................
HEX_PREVIEW(512 bytes):
00 00 00 00 00 00 00 00 00 00 00 00 00 00 00 00 00 00 B6 00 00 00 00 00 00 00 00 00 00 00 00 00 00 00 00 00 00 00 00 00 00 00 00 00 00 00 00 00 00 00 00 00 00 00 00 00 00 00 00 00 00 00 00 FF 00 00 00 00 00 00 00 00 00 00 00 00 00 00 00 00 00 00 00 00 00 00 00 00 00 00 00 00 00 00 00 00 00 00 00 00 00 00 00 00 00 00 00 00 00 00 00 00 00 00 00 00 00 00 00 00 00 00 00 00 00 00 E4 00 00 00 00 00 00 00 00 00 00 00 00 00 00 00 00 00 00 00 00 00 00 00 00 00 00 00 B6 00 00 00 00 00 00 00 00 00 00 00 00 00 00 00 A8 00 00 00 00 00 00 00 00 00 00 00 00 00 00 00 00 00 00 00 00 00 00 00 00 00 00 00 00 00 00 00 00 00 00 00 00 00 00 00 00 00 00 00 00 00 0E 00 00 00 09 00 00 00 00 00 00 00 00 00 00 00 00 00 00 00 00 00 00 00 00 00 00 00 00 00 00 00 00 00 00 00 00 00 00 00 00 00 00 00 00 00 00 00 00 00 00 00 00 00 00 00 00 00 00 00 00 00 00 00 00 00 00 00 00 00 00 00 00 00 00 00 00 00 00 00 00 00 00 00 00 00 00 00 00 00 00 00 00 00 00 00 00 00 00 00 00 00 00 00 00 00 00 00 00 00 00 00 00 00 00 00 00 00 00 00 00 00 00 00 00 00 00 00 00 00 00 00 00 00 00 00 00 00 00 00 00 00 00 00 00 00 00 00 00 00 00 00 00 00 00 00 00 00 00 00 00 00 00 00 00 00 00 00 00 00 00 00 00 00 00 00 00 00 00 00 00 00 00 00 00 00 00 00 00 00 00 00 00 00 00 00 00 00 00 00 00 00 00 00 00 00 00 00 00 00 00 00 00 A8 A8 A8 A8 A8 A8 A8 A8 A8 A8 A8 A8 A8 A8 A8 00 00 00 00 00 00 E8 00 00 00 00 00 00 00 00 00 00 00 00 00 13 00 00 00 00 00 00 00 00 00 00 00 00 00 00 00 00 00 00 00 00 00 00 00 00 00 00 00 00 00 00 00 00 00 00 00 00 00 00 00 00 00 00 00 00 00 00 00

===== Stream #7 =====
Start=641290 End=649484 CompressedLength=8194 DecompressedLength=164
ASCII_PREVIEW(164):
mPp[.................................mPp[............D$m........mPp[.................................mPp[............D$m........mPp[.................H...S=../.Y.D.9
HEX_PREVIEW(164 bytes):
6D 50 70 5B 0B 00 00 00 00 00 E9 FF 84 00 00 00 00 00 00 00 00 00 00 00 00 00 00 00 00 00 00 00 00 00 00 00 00 6D 50 70 5B 0B 00 00 00 00 00 E9 FF 84 00 F4 15 44 24 6D 00 00 00 00 00 00 00 00 6D 50 70 5B 0B 00 00 00 00 00 E9 FF 84 00 00 00 00 00 00 00 00 00 00 00 00 00 00 00 00 00 00 00 00 00 00 00 00 6D 50 70 5B 0B 00 00 00 00 00 E9 FF 84 00 F4 15 44 24 6D 00 00 00 00 00 00 00 00 6D 50 70 5B 0B 00 00 00 00 00 E9 FF 84 00 00 00 00 00 00 CC 00 48 15 DD B2 53 3D C0 11 2F BB 59 19 44 9A 39

===== Stream #8 =====
Start=648222 End=656416 CompressedLength=8194 DecompressedLength=2548
ASCII_PREVIEW(2048):
..Z.}....Z.}....Z.}....Z........................................](.......................................................................................................................................Z.}....Z.}....Z.}....Z........................Y...............<t.........................................................................................................................................................................................................................................................J.............................................................................................. <..................]. .*e."...[b.........y......y......y......y.=p..2..U2..U2..U2..U2..U.u.j.D0....................................................................................................................................................................................................................V........5v................w=E..................................rG..s................................../v....................d#.....||-.................................rG..s.......................a...a...a...a...a...a...a...a...a...a...a...a...a...a...a...a...a...a....G....................................................................................................................................................................................................................U.....................................................................................................................................................................................................................................................................................B..B..B..B...SF................................Dh..........................8.............................................................................................|8t.D...k.u......................C...........C...........C...........C...........C...........C...........C...........C...........C...........C...........C...........C...........C...........C...........C
HEX_PREVIEW(512 bytes):
8B C3 5A 1E 7D AC 00 8B C3 5A 1E 7D AC 00 8B C3 5A 1E 7D AC 00 8B C3 5A 00 00 00 00 00 00 00 00 00 00 00 00 00 00 00 00 00 00 00 00 00 00 00 00 00 00 00 00 00 00 00 00 00 00 00 00 00 00 00 00 5D 28 8D 00 00 00 00 00 00 00 00 00 00 00 00 00 00 00 00 00 00 00 00 00 00 00 00 00 00 00 00 00 00 00 00 00 00 00 00 00 00 00 00 00 00 00 00 00 00 00 00 00 00 00 00 00 00 00 00 00 00 00 00 00 00 00 00 00 00 00 00 00 00 00 00 00 00 00 00 00 00 00 00 00 00 00 00 00 00 00 00 00 00 00 00 00 00 00 00 00 00 00 00 00 00 00 00 00 00 00 00 00 00 00 00 00 00 00 00 00 00 00 00 00 00 00 00 00 00 00 00 00 00 00 00 8B C3 5A 1E 7D AC 00 8B C3 5A 1E 7D AC 00 8B C3 5A 1E 7D AC 00 8B C3 5A 00 00 00 00 00 00 00 00 00 00 00 00 00 00 00 00 00 00 00 00 00 00 00 00 59 FC 00 00 00 00 00 00 00 00 00 00 00 00 00 00 3C 74 00 00 00 00 00 00 00 00 00 00 00 00 00 00 00 00 00 00 00 00 00 00 00 0F C8 00 0F C8 00 0F C8 00 0F C8 00 0F C8 00 0F C8 00 0F C8 00 0F C8 00 0F C8 00 0F C8 00 0F C8 00 0F C8 00 0F C8 00 0F C8 00 0F C8 00 0F C8 00 0F C8 00 0F C8 00 0F C8 00 0F C8 00 0F C8 00 0F C8 00 0F C8 00 0F C8 00 0F C8 00 0F C8 00 0F C8 00 0F C8 00 0F C8 00 0F C8 00 0F C8 00 0F C8 00 0F C8 00 0F C8 00 0F C8 00 0F C8 00 0F C8 00 0F C8 00 0F C8 00 0F C8 00 0F C8 00 0F C8 00 0F C8 00 0F C8 00 0F C8 00 0F C8 00 0F C8 00 0F C8 00 0F C8 00 0F C8 00 0F C8 00 0F C8 00 0F C8 00 0F C8 00 0F C8 00 0F C8 00 0F C8 00 0F C8 00 0F C8 00 0F C8 00 0F C8 00 0F C8 00 0F C8 00 0F C8 00 0F C8 00 0F C8 00 0F C8 00 0F C8 00 0F C8 00 0F C8 00 0F C8 00 0F C8 00 0F C8 00 0F C8 00 0F C8

===== Stream #9 =====
Start=664456 End=672650 CompressedLength=8194 DecompressedLength=323
ASCII_PREVIEW(323):
r7...........r7..........8t.....&Wx...............I..I..I..I..I..I..I..I..I..I..I..I..I..I..I..I..I..I..I..I..I..I..I..I..I..I..I..I..I..I..I..I..I..I..I..I..I..I..I..I..I..I..I..I..I..I..I..I..I..I..I..I..I..I..I..I..I..I..I..I..I..I..I..I..I..I..I..I..I..I..I..I..I..I..I..I..I..I..I..I..I..I..I..I..I..I..I.Su2|....}..k'
HEX_PREVIEW(323 bytes):
72 37 00 00 00 00 00 00 00 00 00 00 00 72 37 00 00 00 00 00 00 00 00 00 00 38 74 E4 00 00 00 03 26 57 78 BA DB 00 00 00 00 00 00 00 00 00 00 C4 82 11 49 82 11 49 82 11 49 82 11 49 82 11 49 82 11 49 82 11 49 82 11 49 82 11 49 82 11 49 82 11 49 82 11 49 82 11 49 82 11 49 82 11 49 82 11 49 82 11 49 82 11 49 82 11 49 82 11 49 82 11 49 82 11 49 82 11 49 82 11 49 82 11 49 82 11 49 82 11 49 82 11 49 82 11 49 82 11 49 82 11 49 82 11 49 82 11 49 82 11 49 82 11 49 82 11 49 82 11 49 82 11 49 82 11 49 82 11 49 82 11 49 82 11 49 82 11 49 82 11 49 82 11 49 82 11 49 82 11 49 82 11 49 82 11 49 82 11 49 82 11 49 82 11 49 82 11 49 82 11 49 82 11 49 82 11 49 82 11 49 82 11 49 82 11 49 82 11 49 82 11 49 82 11 49 82 11 49 82 11 49 82 11 49 82 11 49 82 11 49 82 11 49 82 11 49 82 11 49 82 11 49 82 11 49 82 11 49 82 11 49 82 11 49 82 11 49 82 11 49 82 11 49 82 11 49 82 11 49 82 11 49 82 11 49 82 11 49 82 11 49 82 11 49 82 11 49 82 11 49 EB 53 75 32 7C 8B 00 00 00 7D 9C FC 6B 27

